-6.12349e-06,-0.125602,-1.32037,0.376615,-1.57,-7.33606e-06
-6.12349e-06,-0.125602,-1.32037,0.376614,-1.57,-7.33606e-06
-6.12349e-06,-0.125603,-1.32037,0.376613,-1.57,-7.33606e-06
-6.12349e-06,-0.125605,-1.32037,0.376611,-1.57,-7.33606e-06
-6.12349e-06,-0.125609,-1.32037,0.376608,-1.57,-7.33606e-06
-6.12349e-06,-0.125614,-1.32038,0.376603,-1.57,-7.33606e-06
-6.12349e-06,-0.125621,-1.32039,0.376596,-1.57,-7.33606e-06
-6.12349e-06,-0.12563,-1.3204,0.376587,-1.57,-7.33606e-06
-6.12349e-06,-0.125642,-1.32041,0.376575,-1.57,-7.33606e-06
-6.12349e-06,-0.125656,-1.32042,0.37656,-1.57,-7.33606e-06
-6.12349e-06,-0.125674,-1.32044,0.376542,-1.57,-7.33606e-06
-6.12349e-06,-0.125696,-1.32046,0.376521,-1.57,-7.33606e-06
-6.12349e-06,-0.125722,-1.32049,0.376495,-1.57,-7.33606e-06
-6.12349e-06,-0.125752,-1.32052,0.376465,-1.57,-7.33606e-06
-6.12349e-06,-0.125786,-1.32055,0.376431,-1.57,-7.33606e-06
-6.12349e-06,-0.125825,-1.32059,0.376391,-1.57,-7.33606e-06
-6.12349e-06,-0.12587,-1.32064,0.376347,-1.57,-7.33606e-06
-6.12349e-06,-0.12592,-1.32069,0.376297,-1.57,-7.33606e-06
-6.12349e-06,-0.125976,-1.32074,0.376241,-1.57,-7.33606e-06
-6.12349e-06,-0.126038,-1.3208,0.376178,-1.57,-7.33606e-06
-6.12349e-06,-0.126105,-1.32087,0.37611,-1.57,-7.33606e-06
-6.12349e-06,-0.126177,-1.32095,0.376034,-1.57,-7.33606e-06
-6.12349e-06,-0.126254,-1.32103,0.375951,-1.57,-7.33606e-06
-6.12349e-06,-0.126335,-1.32112,0.375861,-1.57,-7.33606e-06
-6.12349e-06,-0.126421,-1.32122,0.375763,-1.57,-7.33606e-06
-6.12349e-06,-0.12651,-1.32133,0.375656,-1.57,-7.33606e-06
-6.12349e-06,-0.126603,-1.32144,0.375541,-1.57,-7.33606e-06
-6.12349e-06,-0.126699,-1.32156,0.375417,-1.57,-7.33606e-06
-6.12349e-06,-0.126797,-1.3217,0.375285,-1.57,-7.33606e-06
-6.12349e-06,-0.126898,-1.32184,0.375142,-1.57,-7.33606e-06
-6.12349e-06,-0.127002,-1.32199,0.37499,-1.57,-7.33606e-06
-6.12349e-06,-0.127107,-1.32215,0.374828,-1.57,-7.33606e-06
-6.12349e-06,-0.127213,-1.32233,0.374655,-1.57,-7.33606e-06
-6.12349e-06,-0.127321,-1.32251,0.374471,-1.57,-7.33606e-06
-6.12349e-06,-0.127429,-1.32271,0.374277,-1.57,-7.33606e-06
-6.12349e-06,-0.127539,-1.32291,0.374071,-1.57,-7.33606e-06
-6.12349e-06,-0.127648,-1.32313,0.373855,-1.57,-7.33606e-06
-6.12349e-06,-0.127757,-1.32335,0.373628,-1.57,-7.33606e-06
-6.12349e-06,-0.127866,-1.32359,0.373389,-1.57,-7.33606e-06
-6.12349e-06,-0.127975,-1.32384,0.37314,-1.57,-7.33606e-06
-6.12349e-06,-0.128085,-1.3241,0.37288,-1.57,-7.33606e-06
-6.12349e-06,-0.128194,-1.32437,0.372609,-1.57,-7.33606e-06
-6.12349e-06,-0.128303,-1.32465,0.372328,-1.57,-7.33606e-06
-6.12349e-06,-0.128412,-1.32495,0.372035,-1.57,-7.33606e-06
-6.12349e-06,-0.128522,-1.32525,0.371731,-1.57,-7.33606e-06
-6.12349e-06,-0.128631,-1.32557,0.371417,-1.57,-7.33606e-06
-6.12349e-06,-0.12874,-1.32589,0.371091,-1.57,-7.33606e-06
-6.12349e-06,-0.128849,-1.32623,0.370755,-1.57,-7.33606e-06
-6.12349e-06,-0.128959,-1.32657,0.370408,-1.57,-7.33606e-06
-6.12349e-06,-0.129068,-1.32693,0.37005,-1.57,-7.33606e-06
-6.12349e-06,-0.129177,-1.3273,0.369681,-1.57,-7.33606e-06
-6.12349e-06,-0.129286,-1.32768,0.369301,-1.57,-7.33606e-06
-6.12349e-06,-0.129395,-1.32807,0.36891,-1.57,-7.33606e-06
-6.12349e-06,-0.129505,-1.32847,0.368508,-1.57,-7.33606e-06
-6.12349e-06,-0.129614,-1.32889,0.368095,-1.57,-7.33606e-06
-6.12349e-06,-0.129723,-1.32931,0.367672,-1.57,-7.33606e-06
-6.12349e-06,-0.129832,-1.32974,0.367237,-1.57,-7.33606e-06
-6.12349e-06,-0.129942,-1.33019,0.366792,-1.57,-7.33606e-06
-6.12349e-06,-0.130051,-1.33065,0.366335,-1.57,-7.33606e-06
-6.12349e-06,-0.13016,-1.33111,0.365868,-1.57,-7.33606e-06
-6.12349e-06,-0.130269,-1.33159,0.36539,-1.57,-7.33606e-06
-6.12349e-06,-0.130378,-1.33208,0.364901,-1.57,-7.33606e-06
-6.12349e-06,-0.130488,-1.33258,0.364401,-1.57,-7.33606e-06
-6.12349e-06,-0.130597,-1.33309,0.36389,-1.57,-7.33606e-06
-6.12349e-06,-0.130706,-1.33361,0.363368,-1.57,-7.33606e-06
-6.12349e-06,-0.130815,-1.33415,0.362836,-1.57,-7.33606e-06
-6.12349e-06,-0.130925,-1.33469,0.362292,-1.57,-7.33606e-06
-6.12349e-06,-0.131034,-1.33524,0.361737,-1.57,-7.33606e-06
-6.12349e-06,-0.131143,-1.33581,0.361172,-1.57,-7.33606e-06
-6.12349e-06,-0.131252,-1.33639,0.360596,-1.57,-7.33606e-06
-6.12349e-06,-0.131362,-1.33697,0.360008,-1.57,-7.33606e-06
-6.12349e-06,-0.131471,-1.33757,0.35941,-1.57,-7.33606e-06
-6.12349e-06,-0.13158,-1.33818,0.358801,-1.57,-7.33606e-06
-6.12349e-06,-0.131689,-1.3388,0.358181,-1.57,-7.33606e-06
-6.12349e-06,-0.131798,-1.33943,0.35755,-1.57,-7.33606e-06
-6.12349e-06,-0.131908,-1.34007,0.356909,-1.57,-7.33606e-06
-6.12349e-06,-0.132017,-1.34073,0.356256,-1.57,-7.33606e-06
-6.12349e-06,-0.132126,-1.34139,0.355592,-1.57,-7.33606e-06
-6.12349e-06,-0.132235,-1.34206,0.354918,-1.57,-7.33606e-06
-6.12349e-06,-0.132345,-1.34275,0.354233,-1.57,-7.33606e-06
-6.12349e-06,-0.132454,-1.34345,0.353536,-1.57,-7.33606e-06
-6.12349e-06,-0.132563,-1.34415,0.352829,-1.57,-7.33606e-06
-6.12349e-06,-0.132672,-1.34487,0.352111,-1.57,-7.33606e-06
-6.12349e-06,-0.132782,-1.3456,0.351382,-1.57,-7.33606e-06
-6.12349e-06,-0.132891,-1.34634,0.350642,-1.57,-7.33606e-06
-6.12349e-06,-0.133,-1.34709,0.349891,-1.57,-7.33606e-06
-6.12349e-06,-0.133109,-1.34785,0.349129,-1.57,-7.33606e-06
-6.12349e-06,-0.133218,-1.34863,0.348357,-1.57,-7.33606e-06
-6.12349e-06,-0.133328,-1.34941,0.347573,-1.57,-7.33606e-06
-6.12349e-06,-0.133437,-1.3502,0.346779,-1.57,-7.33606e-06
-6.12349e-06,-0.133546,-1.35101,0.345973,-1.57,-7.33606e-06
-6.12349e-06,-0.133655,-1.35183,0.345157,-1.57,-7.33606e-06
-6.12349e-06,-0.133765,-1.35265,0.34433,-1.57,-7.33606e-06
-6.12349e-06,-0.133874,-1.35349,0.343492,-1.57,-7.33606e-06
-6.12349e-06,-0.133983,-1.35434,0.342642,-1.57,-7.33606e-06
-6.12349e-06,-0.134092,-1.3552,0.341783,-1.57,-7.33606e-06
-6.12349e-06,-0.134202,-1.35607,0.340912,-1.57,-7.33606e-06
-6.12349e-06,-0.134311,-1.35695,0.34003,-1.57,-7.33606e-06
-6.12349e-06,-0.13442,-1.35784,0.339137,-1.57,-7.33606e-06
-6.12349e-06,-0.134529,-1.35875,0.338234,-1.57,-7.33606e-06
-6.12349e-06,-0.134638,-1.35966,0.337319,-1.57,-7.33606e-06
-6.12349e-06,-0.134748,-1.36059,0.336394,-1.57,-7.33606e-06
-6.12349e-06,-0.134857,-1.36152,0.335458,-1.57,-7.33606e-06
-6.12349e-06,-0.134966,-1.36247,0.33451,-1.57,-7.33606e-06
-6.12349e-06,-0.135075,-1.36343,0.333552,-1.57,-7.33606e-06
-6.12349e-06,-0.135185,-1.3644,0.332583,-1.57,-7.33606e-06
-6.12349e-06,-0.135294,-1.36538,0.331603,-1.57,-7.33606e-06
-6.12349e-06,-0.135403,-1.36637,0.330612,-1.57,-7.33606e-06
-6.12349e-06,-0.135512,-1.36737,0.329611,-1.57,-7.33606e-06
-6.12349e-06,-0.135621,-1.36838,0.328598,-1.57,-7.33606e-06
-6.12349e-06,-0.135731,-1.36941,0.327574,-1.57,-7.33606e-06
-6.12349e-06,-0.13584,-1.37044,0.32654,-1.57,-7.33606e-06
-6.12349e-06,-0.135949,-1.37149,0.325495,-1.57,-7.33606e-06
-6.12349e-06,-0.136058,-1.37254,0.324438,-1.57,-7.33606e-06
-6.12349e-06,-0.136168,-1.37361,0.323371,-1.57,-7.33606e-06
-6.12349e-06,-0.136277,-1.37469,0.322293,-1.57,-7.33606e-06
-6.12349e-06,-0.136386,-1.37578,0.321204,-1.57,-7.33606e-06
-6.12349e-06,-0.136495,-1.37688,0.320104,-1.57,-7.33606e-06
-6.12349e-06,-0.136605,-1.37799,0.318993,-1.57,-7.33606e-06
-6.12349e-06,-0.136714,-1.37911,0.317872,-1.57,-7.33606e-06
-6.12349e-06,-0.136823,-1.38024,0.316739,-1.57,-7.33606e-06
-6.12349e-06,-0.136932,-1.38139,0.315595,-1.57,-7.33606e-06
-6.12349e-06,-0.137041,-1.38254,0.314441,-1.57,-7.33606e-06
-6.12349e-06,-0.137151,-1.38371,0.313275,-1.57,-7.33606e-06
-6.12349e-06,-0.13726,-1.38488,0.312099,-1.57,-7.33606e-06
-6.12349e-06,-0.137369,-1.38607,0.310912,-1.57,-7.33606e-06
-6.12349e-06,-0.137478,-1.38727,0.309714,-1.57,-7.33606e-06
-6.12349e-06,-0.137588,-1.38848,0.308505,-1.57,-7.33606e-06
-6.12349e-06,-0.137697,-1.3897,0.307285,-1.57,-7.33606e-06
-6.12349e-06,-0.137806,-1.39093,0.306054,-1.57,-7.33606e-06
-6.12349e-06,-0.137915,-1.39217,0.304812,-1.57,-7.33606e-06
-6.12349e-06,-0.138025,-1.39342,0.30356,-1.57,-7.33606e-06
-6.12349e-06,-0.138134,-1.39469,0.302296,-1.57,-7.33606e-06
-6.12349e-06,-0.138243,-1.39596,0.301022,-1.57,-7.33606e-06
-6.12349e-06,-0.138352,-1.39725,0.299736,-1.57,-7.33606e-06
-6.12349e-06,-0.138461,-1.39854,0.29844,-1.57,-7.33606e-06
-6.12349e-06,-0.138571,-1.39985,0.297133,-1.57,-7.33606e-06
-6.12349e-06,-0.13868,-1.40117,0.295815,-1.57,-7.33606e-06
-6.12349e-06,-0.138789,-1.4025,0.294486,-1.57,-7.33606e-06
-6.12349e-06,-0.138898,-1.40384,0.293146,-1.57,-7.33606e-06
-6.12349e-06,-0.139008,-1.40519,0.291795,-1.57,-7.33606e-06
-6.12349e-06,-0.139117,-1.40655,0.290433,-1.57,-7.33606e-06
-6.12349e-06,-0.139226,-1.40792,0.289061,-1.57,-7.33606e-06
-6.12349e-06,-0.139335,-1.4093,0.287677,-1.57,-7.33606e-06
-6.12349e-06,-0.139444,-1.4107,0.286283,-1.57,-7.33606e-06
-6.12349e-06,-0.139554,-1.4121,0.284878,-1.57,-7.33606e-06
-6.12349e-06,-0.139663,-1.41352,0.283461,-1.57,-7.33606e-06
-6.12349e-06,-0.139772,-1.41495,0.282034,-1.57,-7.33606e-06
-6.12349e-06,-0.139881,-1.41639,0.280596,-1.57,-7.33606e-06
-6.12349e-06,-0.139991,-1.41783,0.279147,-1.57,-7.33606e-06
-6.12349e-06,-0.1401,-1.41929,0.277687,-1.57,-7.33606e-06
-6.12349e-06,-0.140209,-1.42077,0.276216,-1.57,-7.33606e-06
-6.12349e-06,-0.140318,-1.42225,0.274735,-1.57,-7.33606e-06
-6.12349e-06,-0.140428,-1.42374,0.273242,-1.57,-7.33606e-06
-6.12349e-06,-0.140537,-1.42524,0.27174,-1.57,-7.33606e-06
-6.12349e-06,-0.140646,-1.42676,0.270227,-1.57,-7.33606e-06
-6.12349e-06,-0.140755,-1.42828,0.268705,-1.57,-7.33606e-06
-6.12349e-06,-0.140864,-1.42982,0.267173,-1.57,-7.33606e-06
-6.12349e-06,-0.140974,-1.43137,0.265633,-1.57,-7.33606e-06
-6.12349e-06,-0.141083,-1.43292,0.264084,-1.57,-7.33606e-06
-6.12349e-06,-0.141192,-1.43449,0.262526,-1.57,-7.33606e-06
-6.12349e-06,-0.141301,-1.43607,0.260961,-1.57,-7.33606e-06
-6.12349e-06,-0.141411,-1.43766,0.259388,-1.57,-7.33606e-06
-6.12349e-06,-0.14152,-1.43927,0.257807,-1.57,-7.33606e-06
-6.12349e-06,-0.141629,-1.44088,0.25622,-1.57,-7.33606e-06
-6.12349e-06,-0.141738,-1.4425,0.254625,-1.57,-7.33606e-06
-6.12349e-06,-0.141848,-1.44414,0.253025,-1.57,-7.33606e-06
-6.12349e-06,-0.141957,-1.44578,0.251418,-1.57,-7.33606e-06
-6.12349e-06,-0.142066,-1.44744,0.249806,-1.57,-7.33606e-06
-6.12349e-06,-0.142175,-1.44911,0.248188,-1.57,-7.33606e-06
-6.12349e-06,-0.142284,-1.45078,0.246565,-1.57,-7.33606e-06
-6.12349e-06,-0.142394,-1.45247,0.244938,-1.57,-7.33606e-06
-6.12349e-06,-0.142503,-1.45417,0.243306,-1.57,-7.33606e-06
-6.12349e-06,-0.142612,-1.45588,0.24167,-1.57,-7.33606e-06
-6.12349e-06,-0.142721,-1.4576,0.24003,-1.57,-7.33606e-06
-6.12349e-06,-0.142831,-1.45934,0.238387,-1.57,-7.33606e-06
-6.12349e-06,-0.14294,-1.46108,0.236741,-1.57,-7.33606e-06
-6.12349e-06,-0.143049,-1.46284,0.235092,-1.57,-7.33606e-06
-6.12349e-06,-0.143158,-1.4646,0.23344,-1.57,-7.33606e-06
-6.12349e-06,-0.143268,-1.46638,0.231786,-1.57,-7.33606e-06
-6.12349e-06,-0.143377,-1.46816,0.230131,-1.57,-7.33606e-06
-6.12349e-06,-0.143486,-1.46996,0.228474,-1.57,-7.33606e-06
-6.12349e-06,-0.143595,-1.47177,0.226816,-1.57,-7.33606e-06
-6.12349e-06,-0.143704,-1.47359,0.225157,-1.57,-7.33606e-06
-6.12349e-06,-0.143814,-1.47542,0.223498,-1.57,-7.33606e-06
-6.12349e-06,-0.143923,-1.47726,0.221839,-1.57,-7.33606e-06
-6.12349e-06,-0.144032,-1.47912,0.220179,-1.57,-7.33606e-06
-6.12349e-06,-0.144141,-1.48098,0.21852,-1.57,-7.33606e-06
-6.12349e-06,-0.144251,-1.48285,0.216861,-1.57,-7.33606e-06
-6.12349e-06,-0.14436,-1.48474,0.215201,-1.57,-7.33606e-06
-6.12349e-06,-0.144469,-1.48664,0.213542,-1.57,-7.33606e-06
-6.12349e-06,-0.144578,-1.48854,0.211882,-1.57,-7.33606e-06
-6.12349e-06,-0.144687,-1.49046,0.210223,-1.57,-7.33606e-06
-6.12349e-06,-0.144797,-1.49239,0.208563,-1.57,-7.33606e-06
-6.12349e-06,-0.144906,-1.49433,0.206904,-1.57,-7.33606e-06
-6.12349e-06,-0.145015,-1.49628,0.205245,-1.57,-7.33606e-06
-6.12349e-06,-0.145124,-1.49824,0.203585,-1.57,-7.33606e-06
-6.12349e-06,-0.145234,-1.50021,0.201926,-1.57,-7.33606e-06
-6.12349e-06,-0.145343,-1.5022,0.200266,-1.57,-7.33606e-06
-6.12349e-06,-0.145452,-1.50419,0.198607,-1.57,-7.33606e-06
-6.12349e-06,-0.145561,-1.5062,0.196947,-1.57,-7.33606e-06
-6.12349e-06,-0.145671,-1.50821,0.195288,-1.57,-7.33606e-06
-6.12349e-06,-0.14578,-1.51024,0.193629,-1.57,-7.33606e-06
-6.12349e-06,-0.145889,-1.51228,0.191969,-1.57,-7.33606e-06
-6.12349e-06,-0.145998,-1.51432,0.19031,-1.57,-7.33606e-06
-6.12349e-06,-0.146107,-1.51638,0.18865,-1.57,-7.33606e-06
-6.12349e-06,-0.146217,-1.51844,0.186991,-1.57,-7.33606e-06
-6.12349e-06,-0.146326,-1.52051,0.185331,-1.57,-7.33606e-06
-6.12349e-06,-0.146435,-1.52259,0.183672,-1.57,-7.33606e-06
-6.12349e-06,-0.146544,-1.52468,0.182013,-1.57,-7.33606e-06
-6.12349e-06,-0.146654,-1.52678,0.180353,-1.57,-7.33606e-06
-6.12349e-06,-0.146763,-1.52888,0.178694,-1.57,-7.33606e-06
-6.12349e-06,-0.146872,-1.53099,0.177034,-1.57,-7.33606e-06
-6.12349e-06,-0.146981,-1.53311,0.175375,-1.57,-7.33606e-06
-6.12349e-06,-0.147091,-1.53523,0.173716,-1.57,-7.33606e-06
-6.12349e-06,-0.1472,-1.53736,0.172056,-1.57,-7.33606e-06
-6.12349e-06,-0.147309,-1.5395,0.170397,-1.57,-7.33606e-06
-6.12349e-06,-0.147418,-1.54164,0.168737,-1.57,-7.33606e-06
-6.12349e-06,-0.147527,-1.54378,0.167078,-1.57,-7.33606e-06
-6.12349e-06,-0.147637,-1.54593,0.165418,-1.57,-7.33606e-06
-6.12349e-06,-0.147746,-1.54809,0.163759,-1.57,-7.33606e-06
-6.12349e-06,-0.147855,-1.55025,0.1621,-1.57,-7.33606e-06
-6.12349e-06,-0.147964,-1.55241,0.16044,-1.57,-7.33606e-06
-6.12349e-06,-0.148074,-1.55458,0.158781,-1.57,-7.33606e-06
-6.12349e-06,-0.148183,-1.55675,0.157121,-1.57,-7.33606e-06
-6.12349e-06,-0.148292,-1.55892,0.155462,-1.57,-7.33606e-06
-6.12349e-06,-0.148401,-1.56109,0.153802,-1.57,-7.33606e-06
-6.12349e-06,-0.148511,-1.56327,0.152143,-1.57,-7.33606e-06
-6.12349e-06,-0.14862,-1.56544,0.150484,-1.57,-7.33606e-06
-6.12349e-06,-0.148729,-1.56762,0.148824,-1.57,-7.33606e-06
-6.12349e-06,-0.148838,-1.5698,0.147165,-1.57,-7.33606e-06
-6.12349e-06,-0.148947,-1.57199,0.145505,-1.57,-7.33606e-06
-6.12349e-06,-0.149057,-1.57417,0.143846,-1.57,-7.33606e-06
-6.12349e-06,-0.149166,-1.57635,0.142186,-1.57,-7.33606e-06
-6.12349e-06,-0.149275,-1.57853,0.140527,-1.57,-7.33606e-06
-6.12349e-06,-0.149384,-1.58071,0.138868,-1.57,-7.33606e-06
-6.12349e-06,-0.149494,-1.58289,0.137208,-1.57,-7.33606e-06
-6.12349e-06,-0.149603,-1.58508,0.135549,-1.57,-7.33606e-06
-6.12349e-06,-0.149712,-1.58726,0.133889,-1.57,-7.33606e-06
-6.12349e-06,-0.149821,-1.58944,0.13223,-1.57,-7.33606e-06
-6.12349e-06,-0.14993,-1.59162,0.130571,-1.57,-7.33606e-06
-6.12349e-06,-0.15004,-1.5938,0.128911,-1.57,-7.33606e-06
-6.12349e-06,-0.150149,-1.59598,0.127252,-1.57,-7.33606e-06
-6.12349e-06,-0.150258,-1.59817,0.125592,-1.57,-7.33606e-06
-6.12349e-06,-0.150367,-1.60035,0.123933,-1.57,-7.33606e-06
-6.12349e-06,-0.150477,-1.60253,0.122273,-1.57,-7.33606e-06
-6.12349e-06,-0.150586,-1.60471,0.120614,-1.57,-7.33606e-06
-6.12349e-06,-0.150695,-1.60689,0.118955,-1.57,-7.33606e-06
-6.12349e-06,-0.150804,-1.60907,0.117295,-1.57,-7.33606e-06
-6.12349e-06,-0.150914,-1.61126,0.115636,-1.57,-7.33606e-06
-6.12349e-06,-0.151023,-1.61344,0.113976,-1.57,-7.33606e-06
-6.12349e-06,-0.151132,-1.61562,0.112317,-1.57,-7.33606e-06
-6.12349e-06,-0.151241,-1.6178,0.110657,-1.57,-7.33606e-06
-6.12349e-06,-0.15135,-1.61998,0.108998,-1.57,-7.33606e-06
-6.12349e-06,-0.15146,-1.62216,0.107339,-1.57,-7.33606e-06
-6.12349e-06,-0.151569,-1.62434,0.105679,-1.57,-7.33606e-06
-6.12349e-06,-0.151678,-1.62651,0.10402,-1.57,-7.33606e-06
-6.12349e-06,-0.151787,-1.62868,0.10236,-1.57,-7.33606e-06
-6.12349e-06,-0.151897,-1.63086,0.100701,-1.57,-7.33606e-06
-6.12349e-06,-0.152006,-1.63302,0.0990415,-1.57,-7.33606e-06
-6.12349e-06,-0.152115,-1.63519,0.0973821,-1.57,-7.33606e-06
-6.12349e-06,-0.152224,-1.63735,0.0957227,-1.57,-7.33606e-06
-6.12349e-06,-0.152334,-1.63951,0.0940632,-1.57,-7.33606e-06
-6.12349e-06,-0.152443,-1.64166,0.0924038,-1.57,-7.33606e-06
-6.12349e-06,-0.152552,-1.64381,0.0907444,-1.57,-7.33606e-06
-6.12349e-06,-0.152661,-1.64595,0.089085,-1.57,-7.33606e-06
-6.12349e-06,-0.15277,-1.64809,0.0874256,-1.57,-7.33606e-06
-6.12349e-06,-0.15288,-1.65023,0.0857661,-1.57,-7.33606e-06
-6.12349e-06,-0.152989,-1.65235,0.0841067,-1.57,-7.33606e-06
-6.12349e-06,-0.153098,-1.65447,0.0824473,-1.57,-7.33606e-06
-6.12349e-06,-0.153207,-1.65659,0.0807879,-1.57,-7.33606e-06
-6.12349e-06,-0.153317,-1.6587,0.0791284,-1.57,-7.33606e-06
-6.12349e-06,-0.153426,-1.6608,0.077469,-1.57,-7.33606e-06
-6.12349e-06,-0.153535,-1.66289,0.0758096,-1.57,-7.33606e-06
-6.12349e-06,-0.153644,-1.66498,0.0741502,-1.57,-7.33606e-06
-6.12349e-06,-0.153753,-1.66706,0.0724907,-1.57,-7.33606e-06
-6.12349e-06,-0.153863,-1.66913,0.0708313,-1.57,-7.33606e-06
-6.12349e-06,-0.153972,-1.67119,0.0691719,-1.57,-7.33606e-06
-6.12349e-06,-0.154081,-1.67324,0.0675125,-1.57,-7.33606e-06
-6.12349e-06,-0.15419,-1.67528,0.0658531,-1.57,-7.33606e-06
-6.12349e-06,-0.1543,-1.67732,0.0641936,-1.57,-7.33606e-06
-6.12349e-06,-0.154409,-1.67934,0.0625342,-1.57,-7.33606e-06
-6.12349e-06,-0.154518,-1.68135,0.0608748,-1.57,-7.33606e-06
-6.12349e-06,-0.154627,-1.68335,0.0592154,-1.57,-7.33606e-06
-6.12349e-06,-0.154737,-1.68535,0.0575559,-1.57,-7.33606e-06
-6.12349e-06,-0.154846,-1.68733,0.0558965,-1.57,-7.33606e-06
-6.12349e-06,-0.154955,-1.68929,0.0542371,-1.57,-7.33606e-06
-6.12349e-06,-0.155064,-1.69125,0.0525777,-1.57,-7.33606e-06
-6.12349e-06,-0.155173,-1.6932,0.0509183,-1.57,-7.33606e-06
-6.12349e-06,-0.155283,-1.69514,0.0492588,-1.57,-7.33606e-06
-6.12349e-06,-0.155392,-1.69706,0.0475994,-1.57,-7.33606e-06
-6.12349e-06,-0.155501,-1.69898,0.04594,-1.57,-7.33606e-06
-6.12349e-06,-0.15561,-1.70088,0.0442806,-1.57,-7.33606e-06
-6.12349e-06,-0.15572,-1.70277,0.0426211,-1.57,-7.33606e-06
-6.12349e-06,-0.155829,-1.70466,0.0409617,-1.57,-7.33606e-06
-6.12349e-06,-0.155938,-1.70653,0.0393023,-1.57,-7.33606e-06
-6.12349e-06,-0.156047,-1.70839,0.0376429,-1.57,-7.33606e-06
-6.12349e-06,-0.156157,-1.71024,0.0359835,-1.57,-7.33606e-06
-6.12349e-06,-0.156266,-1.71207,0.0343241,-1.57,-7.33606e-06
-6.12349e-06,-0.156375,-1.7139,0.0326649,-1.57,-7.33606e-06
-6.12349e-06,-0.156484,-1.71572,0.0310063,-1.57,-7.33606e-06
-6.12349e-06,-0.156593,-1.71752,0.0293487,-1.57,-7.33606e-06
-6.12349e-06,-0.156703,-1.71932,0.0276923,-1.57,-7.33606e-06
-6.12349e-06,-0.156812,-1.7211,0.0260374,-1.57,-7.33606e-06
-6.12349e-06,-0.156921,-1.72287,0.0243844,-1.57,-7.33606e-06
-6.12349e-06,-0.15703,-1.72464,0.0227337,-1.57,-7.33606e-06
-6.12349e-06,-0.15714,-1.72639,0.0210854,-1.57,-7.33606e-06
-6.12349e-06,-0.157249,-1.72813,0.0194401,-1.57,-7.33606e-06
-6.12349e-06,-0.157358,-1.72986,0.0177979,-1.57,-7.33606e-06
-6.12349e-06,-0.157467,-1.73158,0.0161593,-1.57,-7.33606e-06
-6.12349e-06,-0.157577,-1.73328,0.0145245,-1.57,-7.33606e-06
-6.12349e-06,-0.157686,-1.73498,0.012894,-1.57,-7.33606e-06
-6.12349e-06,-0.157795,-1.73666,0.0112679,-1.57,-7.33606e-06
-6.12349e-06,-0.157904,-1.73834,0.00964661,-1.57,-7.33606e-06
-6.12349e-06,-0.158013,-1.74,0.00803052,-1.57,-7.33606e-06
-6.12349e-06,-0.158123,-1.74166,0.00641991,-1.57,-7.33606e-06
-6.12349e-06,-0.158232,-1.7433,0.00481512,-1.57,-7.33606e-06
-6.12349e-06,-0.158341,-1.74493,0.00321648,-1.57,-7.33606e-06
-6.12349e-06,-0.15845,-1.74655,0.0016243,-1.57,-7.33606e-06
-6.12349e-06,-0.15856,-1.74816,3.89168e-05,-1.57,-7.33606e-06
-6.12349e-06,-0.158669,-1.74976,-0.00153934,-1.57,-7.33606e-06
-6.12349e-06,-0.158778,-1.75134,-0.00311014,-1.57,-7.33606e-06
-6.12349e-06,-0.158887,-1.75292,-0.00467317,-1.57,-7.33606e-06
-6.12349e-06,-0.158996,-1.75449,-0.00622809,-1.57,-7.33606e-06
-6.12349e-06,-0.159106,-1.75604,-0.00777458,-1.57,-7.33606e-06
-6.12349e-06,-0.159215,-1.75758,-0.0093123,-1.57,-7.33606e-06
-6.12349e-06,-0.159324,-1.75912,-0.0108409,-1.57,-7.33606e-06
-6.12349e-06,-0.159433,-1.76064,-0.0123602,-1.57,-7.33606e-06
-6.12349e-06,-0.159543,-1.76215,-0.0138696,-1.57,-7.33606e-06
-6.12349e-06,-0.159652,-1.76365,-0.0153691,-1.57,-7.33606e-06
-6.12349e-06,-0.159761,-1.76514,-0.0168581,-1.57,-7.33606e-06
-6.12349e-06,-0.15987,-1.76662,-0.0183364,-1.57,-7.33606e-06
-6.12349e-06,-0.15998,-1.76809,-0.0198038,-1.57,-7.33606e-06
-6.12349e-06,-0.160089,-1.76954,-0.0212603,-1.57,-7.33606e-06
-6.12349e-06,-0.160198,-1.77099,-0.0227058,-1.57,-7.33606e-06
-6.12349e-06,-0.160307,-1.77242,-0.0241405,-1.57,-7.33606e-06
-6.12349e-06,-0.160416,-1.77385,-0.0255643,-1.57,-7.33606e-06
-6.12349e-06,-0.160526,-1.77526,-0.0269771,-1.57,-7.33606e-06
-6.12349e-06,-0.160635,-1.77666,-0.0283791,-1.57,-7.33606e-06
-6.12349e-06,-0.160744,-1.77805,-0.0297701,-1.57,-7.33606e-06
-6.12349e-06,-0.160853,-1.77943,-0.0311502,-1.57,-7.33606e-06
-6.12349e-06,-0.160963,-1.7808,-0.0325195,-1.57,-7.33606e-06
-6.12349e-06,-0.161072,-1.78216,-0.0338778,-1.57,-7.33606e-06
-6.12349e-06,-0.161181,-1.78351,-0.0352252,-1.57,-7.33606e-06
-6.12349e-06,-0.16129,-1.78484,-0.0365617,-1.57,-7.33606e-06
-6.12349e-06,-0.1614,-1.78617,-0.0378873,-1.57,-7.33606e-06
-6.12349e-06,-0.161509,-1.78748,-0.0392019,-1.57,-7.33606e-06
-6.12349e-06,-0.161618,-1.78879,-0.0405057,-1.57,-7.33606e-06
-6.12349e-06,-0.161727,-1.79008,-0.0417986,-1.57,-7.33606e-06
-6.12349e-06,-0.161836,-1.79136,-0.0430805,-1.57,-7.33606e-06
-6.12349e-06,-0.161946,-1.79263,-0.0443516,-1.57,-7.33606e-06
-6.12349e-06,-0.162055,-1.79389,-0.0456117,-1.57,-7.33606e-06
-6.12349e-06,-0.162164,-1.79514,-0.046861,-1.57,-7.33606e-06
-6.12349e-06,-0.162273,-1.79638,-0.0480993,-1.57,-7.33606e-06
-6.12349e-06,-0.162383,-1.79761,-0.0493267,-1.57,-7.33606e-06
-6.12349e-06,-0.162492,-1.79882,-0.0505432,-1.57,-7.33606e-06
-6.12349e-06,-0.162601,-1.80003,-0.0517488,-1.57,-7.33606e-06
-6.12349e-06,-0.16271,-1.80122,-0.0529435,-1.57,-7.33606e-06
-6.12349e-06,-0.16282,-1.80241,-0.0541273,-1.57,-7.33606e-06
-6.12349e-06,-0.162929,-1.80358,-0.0553001,-1.57,-7.33606e-06
-6.12349e-06,-0.163038,-1.80474,-0.0564621,-1.57,-7.33606e-06
-6.12349e-06,-0.163147,-1.80589,-0.0576132,-1.57,-7.33606e-06
-6.12349e-06,-0.163256,-1.80703,-0.0587533,-1.57,-7.33606e-06
-6.12349e-06,-0.163366,-1.80816,-0.0598825,-1.57,-7.33606e-06
-6.12349e-06,-0.163475,-1.80928,-0.0610009,-1.57,-7.33606e-06
-6.12349e-06,-0.163584,-1.81039,-0.0621083,-1.57,-7.33606e-06
-6.12349e-06,-0.163693,-1.81149,-0.0632048,-1.57,-7.33606e-06
-6.12349e-06,-0.163803,-1.81257,-0.0642904,-1.57,-7.33606e-06
-6.12349e-06,-0.163912,-1.81365,-0.0653651,-1.57,-7.33606e-06
-6.12349e-06,-0.164021,-1.81471,-0.0664289,-1.57,-7.33606e-06
-6.12349e-06,-0.16413,-1.81576,-0.0674818,-1.57,-7.33606e-06
-6.12349e-06,-0.164239,-1.81681,-0.0685238,-1.57,-7.33606e-06
-6.12349e-06,-0.164349,-1.81784,-0.0695548,-1.57,-7.33606e-06
-6.12349e-06,-0.164458,-1.81886,-0.070575,-1.57,-7.33606e-06
-6.12349e-06,-0.164567,-1.81987,-0.0715842,-1.57,-7.33606e-06
-6.12349e-06,-0.164676,-1.82086,-0.0725826,-1.57,-7.33606e-06
-6.12349e-06,-0.164786,-1.82185,-0.07357,-1.57,-7.33606e-06
-6.12349e-06,-0.164895,-1.82283,-0.0745465,-1.57,-7.33606e-06
-6.12349e-06,-0.165004,-1.82379,-0.0755121,-1.57,-7.33606e-06
-6.12349e-06,-0.165113,-1.82475,-0.0764668,-1.57,-7.33606e-06
-6.12349e-06,-0.165223,-1.82569,-0.0774106,-1.57,-7.33606e-06
-6.12349e-06,-0.165332,-1.82662,-0.0783435,-1.57,-7.33606e-06
-6.12349e-06,-0.165441,-1.82755,-0.0792655,-1.57,-7.33606e-06
-6.12349e-06,-0.16555,-1.82846,-0.0801766,-1.57,-7.33606e-06
-6.12349e-06,-0.165659,-1.82936,-0.0810767,-1.57,-7.33606e-06
-6.12349e-06,-0.165769,-1.83025,-0.081966,-1.57,-7.33606e-06
-6.12349e-06,-0.165878,-1.83113,-0.0828443,-1.57,-7.33606e-06
-6.12349e-06,-0.165987,-1.83199,-0.0837118,-1.57,-7.33606e-06
-6.12349e-06,-0.166096,-1.83285,-0.0845683,-1.57,-7.33606e-06
-6.12349e-06,-0.166206,-1.8337,-0.0854139,-1.57,-7.33606e-06
-6.12349e-06,-0.166315,-1.83453,-0.0862487,-1.57,-7.33606e-06
-6.12349e-06,-0.166424,-1.83535,-0.0870725,-1.57,-7.33606e-06
-6.12349e-06,-0.166533,-1.83617,-0.0878854,-1.57,-7.33606e-06
-6.12349e-06,-0.166643,-1.83697,-0.0886873,-1.57,-7.33606e-06
-6.12349e-06,-0.166752,-1.83776,-0.0894784,-1.57,-7.33606e-06
-6.12349e-06,-0.166861,-1.83854,-0.0902586,-1.57,-7.33606e-06
-6.12349e-06,-0.16697,-1.83931,-0.0910279,-1.57,-7.33606e-06
-6.12349e-06,-0.167079,-1.84007,-0.0917862,-1.57,-7.33606e-06
-6.12349e-06,-0.167189,-1.84081,-0.0925337,-1.57,-7.33606e-06
-6.12349e-06,-0.167298,-1.84155,-0.0932702,-1.57,-7.33606e-06
-6.12349e-06,-0.167407,-1.84228,-0.0939958,-1.57,-7.33606e-06
-6.12349e-06,-0.167516,-1.84299,-0.0947106,-1.57,-7.33606e-06
-6.12349e-06,-0.167626,-1.8437,-0.0954144,-1.57,-7.33606e-06
-6.12349e-06,-0.167735,-1.84439,-0.0961073,-1.57,-7.33606e-06
-6.12349e-06,-0.167844,-1.84507,-0.0967893,-1.57,-7.33606e-06
-6.12349e-06,-0.167953,-1.84574,-0.0974604,-1.57,-7.33606e-06
-6.12349e-06,-0.168063,-1.8464,-0.0981206,-1.57,-7.33606e-06
-6.12349e-06,-0.168172,-1.84705,-0.0987698,-1.57,-7.33606e-06
-6.12349e-06,-0.168281,-1.84769,-0.0994082,-1.57,-7.33606e-06
-6.12349e-06,-0.16839,-1.84832,-0.100036,-1.57,-7.33606e-06
-6.12349e-06,-0.168499,-1.84893,-0.100652,-1.57,-7.33606e-06
-6.12349e-06,-0.168609,-1.84954,-0.101258,-1.57,-7.33606e-06
-6.12349e-06,-0.168718,-1.85013,-0.101853,-1.57,-7.33606e-06
-6.12349e-06,-0.168827,-1.85072,-0.102436,-1.57,-7.33606e-06
-6.12349e-06,-0.168936,-1.85129,-0.103009,-1.57,-7.33606e-06
-6.12349e-06,-0.169046,-1.85185,-0.103571,-1.57,-7.33606e-06
-6.12349e-06,-0.169155,-1.8524,-0.104122,-1.57,-7.33606e-06
-6.12349e-06,-0.169264,-1.85294,-0.104663,-1.57,-7.33606e-06
-6.12349e-06,-0.169373,-1.85347,-0.105192,-1.57,-7.33606e-06
-6.12349e-06,-0.169482,-1.85399,-0.10571,-1.57,-7.33606e-06
-6.12349e-06,-0.169592,-1.8545,-0.106218,-1.57,-7.33606e-06
-6.12349e-06,-0.169701,-1.855,-0.106714,-1.57,-7.33606e-06
-6.12349e-06,-0.16981,-1.85548,-0.1072,-1.57,-7.33606e-06
-6.12349e-06,-0.169919,-1.85596,-0.107675,-1.57,-7.33606e-06
-6.12349e-06,-0.170029,-1.85642,-0.108139,-1.57,-7.33606e-06
-6.12349e-06,-0.170138,-1.85687,-0.108591,-1.57,-7.33606e-06
-6.12349e-06,-0.170247,-1.85731,-0.109033,-1.57,-7.33606e-06
-6.12349e-06,-0.170356,-1.85775,-0.109465,-1.57,-7.33606e-06
-6.12349e-06,-0.170466,-1.85817,-0.109885,-1.57,-7.33606e-06
-6.12349e-06,-0.170575,-1.85858,-0.110294,-1.57,-7.33606e-06
-6.12349e-06,-0.170684,-1.85897,-0.110692,-1.57,-7.33606e-06
-6.12349e-06,-0.170793,-1.85936,-0.11108,-1.57,-7.33606e-06
-6.12349e-06,-0.170902,-1.85974,-0.111456,-1.57,-7.33606e-06
-6.12349e-06,-0.171012,-1.8601,-0.111822,-1.57,-7.33606e-06
-6.12349e-06,-0.171121,-1.86046,-0.112177,-1.57,-7.33606e-06
-6.12349e-06,-0.17123,-1.8608,-0.112521,-1.57,-7.33606e-06
-6.12349e-06,-0.171339,-1.86113,-0.112854,-1.57,-7.33606e-06
-6.12349e-06,-0.171449,-1.86146,-0.113176,-1.57,-7.33606e-06
-6.12349e-06,-0.171558,-1.86177,-0.113487,-1.57,-7.33606e-06
-6.12349e-06,-0.171667,-1.86207,-0.113787,-1.57,-7.33606e-06
-6.12349e-06,-0.171776,-1.86236,-0.114076,-1.57,-7.33606e-06
-6.12349e-06,-0.171886,-1.86264,-0.114355,-1.57,-7.33606e-06
-6.12349e-06,-0.171995,-1.8629,-0.114622,-1.57,-7.33606e-06
-6.12349e-06,-0.172104,-1.86316,-0.114879,-1.57,-7.33606e-06
-6.12349e-06,-0.172213,-1.86341,-0.115124,-1.57,-7.33606e-06
-6.12349e-06,-0.172322,-1.86364,-0.115359,-1.57,-7.33606e-06
-6.12349e-06,-0.172432,-1.86386,-0.115583,-1.57,-7.33606e-06
-6.12349e-06,-0.172541,-1.86408,-0.115796,-1.57,-7.33606e-06
-6.12349e-06,-0.17265,-1.86428,-0.115998,-1.57,-7.33606e-06
-6.12349e-06,-0.172758,-1.86447,-0.116189,-1.57,-7.33606e-06
-6.12349e-06,-0.172865,-1.86465,-0.116369,-1.57,-7.33606e-06
-6.12349e-06,-0.172972,-1.86482,-0.116539,-1.57,-7.33606e-06
-6.12349e-06,-0.173076,-1.86498,-0.116698,-1.57,-7.33606e-06
-6.12349e-06,-0.173179,-1.86513,-0.116847,-1.57,-7.33606e-06
-6.12349e-06,-0.173279,-1.86527,-0.116987,-1.57,-7.33606e-06
-6.12349e-06,-0.173377,-1.8654,-0.117117,-1.57,-7.33606e-06
-6.12349e-06,-0.173472,-1.86552,-0.117238,-1.57,-7.33606e-06
-6.12349e-06,-0.173563,-1.86563,-0.11735,-1.57,-7.33606e-06
-6.12349e-06,-0.173652,-1.86573,-0.117454,-1.57,-7.33606e-06
-6.12349e-06,-0.173736,-1.86583,-0.117549,-1.57,-7.33606e-06
-6.12349e-06,-0.173816,-1.86592,-0.117637,-1.57,-7.33606e-06
-6.12349e-06,-0.173891,-1.866,-0.117718,-1.57,-7.33606e-06
-6.12349e-06,-0.173962,-1.86607,-0.117791,-1.57,-7.33606e-06
-6.12349e-06,-0.174028,-1.86614,-0.117858,-1.57,-7.33606e-06
-6.12349e-06,-0.174088,-1.8662,-0.117918,-1.57,-7.33606e-06
-6.12349e-06,-0.174142,-1.86625,-0.117972,-1.57,-7.33606e-06
-6.12349e-06,-0.17419,-1.8663,-0.118021,-1.57,-7.33606e-06
-6.12349e-06,-0.174233,-1.86634,-0.118064,-1.57,-7.33606e-06
-6.12349e-06,-0.174271,-1.86638,-0.118101,-1.57,-7.33606e-06
-6.12349e-06,-0.174304,-1.86642,-0.118134,-1.57,-7.33606e-06
-6.12349e-06,-0.174332,-1.86644,-0.118163,-1.57,-7.33606e-06
-6.12349e-06,-0.174356,-1.86647,-0.118187,-1.57,-7.33606e-06
-6.12349e-06,-0.174377,-1.86649,-0.118208,-1.57,-7.33606e-06
-6.12349e-06,-0.174394,-1.86651,-0.118225,-1.57,-7.33606e-06
-6.12349e-06,-0.174408,-1.86652,-0.118239,-1.57,-7.33606e-06
-6.12349e-06,-0.174419,-1.86653,-0.11825,-1.57,-7.33606e-06
-6.12349e-06,-0.174427,-1.86654,-0.118258,-1.57,-7.33606e-06
-6.12349e-06,-0.174433,-1.86655,-0.118264,-1.57,-7.33606e-06
-6.12349e-06,-0.174438,-1.86655,-0.118269,-1.57,-7.33606e-06
-6.12349e-06,-0.174441,-1.86655,-0.118272,-1.57,-7.33606e-06
-6.12349e-06,-0.174442,-1.86655,-0.118273,-1.57,-7.33606e-06
-6.12349e-06,-0.174443,-1.86656,-0.118274,-1.57,-7.33606e-06
-6.12349e-06,-0.174443,-1.86656,-0.118274,-1.57,-7.33606e-06
0,-0.174444,-1.86656,-0.118273,-1.57,0
1.90986e-103,-0.174444,-1.86656,-0.118273,-1.57,1.90986e-103
3.81972e-103,-0.174444,-1.86656,-0.118273,-1.57,3.81972e-103
5.72958e-103,-0.174443,-1.86655,-0.118272,-1.57,5.72958e-103
7.63944e-103,-0.174441,-1.86655,-0.11827,-1.57,7.63944e-103
9.5493e-103,-0.174438,-1.86655,-0.118267,-1.57,9.5493e-103
1.14592e-102,-0.174433,-1.86654,-0.118262,-1.57,1.14592e-102
1.3369e-102,-0.174426,-1.86654,-0.118255,-1.57,1.3369e-102
1.52789e-102,-0.174417,-1.86653,-0.118245,-1.57,1.52789e-102
1.71887e-102,-0.174405,-1.86652,-0.118234,-1.57,1.71887e-102
1.90986e-102,-0.17439,-1.8665,-0.118219,-1.57,1.90986e-102
2.10085e-102,-0.174372,-1.86648,-0.118201,-1.57,2.10085e-102
2.29183e-102,-0.17435,-1.86646,-0.118179,-1.57,2.29183e-102
2.48282e-102,-0.174325,-1.86644,-0.118154,-1.57,2.48282e-102
2.6738e-102,-0.174295,-1.86641,-0.118124,-1.57,2.6738e-102
2.86479e-102,-0.17426,-1.86637,-0.118089,-1.57,2.86479e-102
3.05577e-102,-0.174221,-1.86633,-0.11805,-1.57,3.05577e-102
3.24676e-102,-0.174176,-1.86629,-0.118005,-1.57,3.24676e-102
3.43775e-102,-0.174126,-1.86624,-0.117955,-1.57,3.43775e-102
3.62873e-102,-0.17407,-1.86618,-0.117899,-1.57,3.62873e-102
3.81972e-102,-0.174009,-1.86612,-0.117837,-1.57,3.81972e-102
4.0107e-102,-0.173942,-1.86605,-0.117768,-1.57,4.0107e-102
4.20169e-102,-0.173869,-1.86597,-0.117693,-1.57,4.20169e-102
4.39268e-102,-0.173792,-1.86589,-0.11761,-1.57,4.39268e-102
4.58366e-102,-0.173711,-1.8658,-0.117519,-1.57,4.58366e-102
4.77465e-102,-0.173625,-1.8657,-0.117421,-1.57,4.77465e-102
4.96563e-102,-0.173536,-1.8656,-0.117315,-1.57,4.96563e-102
5.15662e-102,-0.173443,-1.86548,-0.1172,-1.57,5.15662e-102
5.34761e-102,-0.173348,-1.86536,-0.117076,-1.57,5.34761e-102
5.53859e-102,-0.173249,-1.86523,-0.116943,-1.57,5.53859e-102
5.72958e-102,-0.173148,-1.86508,-0.116801,-1.57,5.72958e-102
5.92056e-102,-0.173045,-1.86493,-0.116648,-1.57,5.92056e-102
6.11155e-102,-0.17294,-1.86477,-0.116486,-1.57,6.11155e-102
6.30254e-102,-0.172833,-1.8646,-0.116313,-1.57,6.30254e-102
6.49352e-102,-0.172725,-1.86441,-0.11613,-1.57,6.49352e-102
6.68451e-102,-0.172617,-1.86422,-0.115935,-1.57,6.68451e-102
6.87549e-102,-0.172508,-1.86401,-0.11573,-1.57,6.87549e-102
7.06648e-102,-0.172398,-1.8638,-0.115513,-1.57,7.06648e-102
7.25747e-102,-0.172289,-1.86357,-0.115286,-1.57,7.25747e-102
7.44845e-102,-0.17218,-1.86333,-0.115048,-1.57,7.44845e-102
7.63944e-102,-0.172071,-1.86308,-0.114799,-1.57,7.63944e-102
7.83042e-102,-0.171962,-1.86282,-0.114539,-1.57,7.83042e-102
8.02141e-102,-0.171852,-1.86255,-0.114268,-1.57,8.02141e-102
8.2124e-102,-0.171743,-1.86227,-0.113986,-1.57,8.2124e-102
8.40338e-102,-0.171634,-1.86198,-0.113693,-1.57,8.40338e-102
8.59437e-102,-0.171525,-1.86167,-0.11339,-1.57,8.59437e-102
8.78535e-102,-0.171415,-1.86136,-0.113075,-1.57,8.78535e-102
8.97634e-102,-0.171306,-1.86103,-0.11275,-1.57,8.97634e-102
9.16732e-102,-0.171197,-1.8607,-0.112414,-1.57,9.16732e-102
9.35831e-102,-0.171088,-1.86035,-0.112066,-1.57,9.35831e-102
9.5493e-102,-0.170978,-1.85999,-0.111708,-1.57,9.5493e-102
9.74028e-102,-0.170869,-1.85962,-0.111339,-1.57,9.74028e-102
9.93127e-102,-0.17076,-1.85924,-0.110959,-1.57,9.93127e-102
1.01223e-101,-0.170651,-1.85885,-0.110568,-1.57,1.01223e-101
1.03132e-101,-0.170542,-1.85845,-0.110166,-1.57,1.03132e-101
1.05042e-101,-0.170432,-1.85804,-0.109754,-1.57,1.05042e-101
1.06952e-101,-0.170323,-1.85761,-0.10933,-1.57,1.06952e-101
1.08862e-101,-0.170214,-1.85718,-0.108896,-1.57,1.08862e-101
1.10772e-101,-0.170105,-1.85673,-0.10845,-1.57,1.10772e-101
1.12682e-101,-0.169995,-1.85628,-0.107994,-1.57,1.12682e-101
1.14592e-101,-0.169886,-1.85581,-0.107527,-1.57,1.14592e-101
1.16501e-101,-0.169777,-1.85533,-0.107048,-1.57,1.16501e-101
1.18411e-101,-0.169668,-1.85484,-0.106559,-1.57,1.18411e-101
1.20321e-101,-0.169558,-1.85434,-0.106059,-1.57,1.20321e-101
1.22231e-101,-0.169449,-1.85383,-0.105549,-1.57,1.22231e-101
1.24141e-101,-0.16934,-1.85331,-0.105027,-1.57,1.24141e-101
1.26051e-101,-0.169231,-1.85278,-0.104494,-1.57,1.26051e-101
1.27961e-101,-0.169121,-1.85223,-0.103951,-1.57,1.27961e-101
1.2987e-101,-0.169012,-1.85168,-0.103396,-1.57,1.2987e-101
1.3178e-101,-0.168903,-1.85111,-0.102831,-1.57,1.3178e-101
1.3369e-101,-0.168794,-1.85054,-0.102254,-1.57,1.3369e-101
1.356e-101,-0.168685,-1.84995,-0.101667,-1.57,1.356e-101
1.3751e-101,-0.168575,-1.84935,-0.101069,-1.57,1.3751e-101
1.3942e-101,-0.168466,-1.84874,-0.10046,-1.57,1.3942e-101
1.4133e-101,-0.168357,-1.84812,-0.0998399,-1.57,1.4133e-101
1.43239e-101,-0.168248,-1.84749,-0.099209,-1.57,1.43239e-101
1.45149e-101,-0.168138,-1.84685,-0.0985673,-1.57,1.45149e-101
1.47059e-101,-0.168029,-1.8462,-0.0979146,-1.57,1.47059e-101
1.48969e-101,-0.16792,-1.84553,-0.097251,-1.57,1.48969e-101
1.50879e-101,-0.167811,-1.84486,-0.0965765,-1.57,1.50879e-101
1.52789e-101,-0.167701,-1.84417,-0.0958911,-1.57,1.52789e-101
1.54699e-101,-0.167592,-1.84348,-0.0951948,-1.57,1.54699e-101
1.56608e-101,-0.167483,-1.84277,-0.0944876,-1.57,1.56608e-101
1.58518e-101,-0.167374,-1.84205,-0.0937694,-1.57,1.58518e-101
1.60428e-101,-0.167265,-1.84132,-0.0930404,-1.57,1.60428e-101
1.62338e-101,-0.167155,-1.84058,-0.0923005,-1.57,1.62338e-101
1.64248e-101,-0.167046,-1.83983,-0.0915496,-1.57,1.64248e-101
1.66158e-101,-0.166937,-1.83907,-0.0907878,-1.57,1.66158e-101
1.68068e-101,-0.166828,-1.8383,-0.0900152,-1.57,1.68068e-101
1.69977e-101,-0.166718,-1.83751,-0.0892316,-1.57,1.69977e-101
1.71887e-101,-0.166609,-1.83672,-0.0884371,-1.57,1.71887e-101
1.73797e-101,-0.1665,-1.83591,-0.0876317,-1.57,1.73797e-101
1.75707e-101,-0.166391,-1.8351,-0.0868154,-1.57,1.75707e-101
1.77617e-101,-0.166281,-1.83427,-0.0859882,-1.57,1.77617e-101
1.79527e-101,-0.166172,-1.83343,-0.0851501,-1.57,1.79527e-101
1.81437e-101,-0.166063,-1.83258,-0.084301,-1.57,1.81437e-101
1.83346e-101,-0.165954,-1.83172,-0.0834411,-1.57,1.83346e-101
1.85256e-101,-0.165844,-1.83085,-0.0825702,-1.57,1.85256e-101
1.87166e-101,-0.165735,-1.82997,-0.0816885,-1.57,1.87166e-101
1.89076e-101,-0.165626,-1.82908,-0.0807958,-1.57,1.89076e-101
1.90986e-101,-0.165517,-1.82817,-0.0798923,-1.57,1.90986e-101
1.92896e-101,-0.165408,-1.82726,-0.0789778,-1.57,1.92896e-101
1.94806e-101,-0.165298,-1.82633,-0.0780524,-1.57,1.94806e-101
1.96716e-101,-0.165189,-1.8254,-0.0771161,-1.57,1.96716e-101
1.98625e-101,-0.16508,-1.82445,-0.0761689,-1.57,1.98625e-101
2.00535e-101,-0.164971,-1.82349,-0.0752108,-1.57,2.00535e-101
2.02445e-101,-0.164861,-1.82252,-0.0742417,-1.57,2.02445e-101
2.04355e-101,-0.164752,-1.82154,-0.0732618,-1.57,2.04355e-101
2.06265e-101,-0.164643,-1.82055,-0.072271,-1.57,2.06265e-101
2.08175e-101,-0.164534,-1.81955,-0.0712692,-1.57,2.08175e-101
2.10085e-101,-0.164424,-1.81854,-0.0702566,-1.57,2.10085e-101
2.11994e-101,-0.164315,-1.81752,-0.069233,-1.57,2.11994e-101
2.13904e-101,-0.164206,-1.81648,-0.0681985,-1.57,2.13904e-101
2.15814e-101,-0.164097,-1.81544,-0.0671532,-1.57,2.15814e-101
2.17724e-101,-0.163988,-1.81438,-0.0660969,-1.57,2.17724e-101
2.19634e-101,-0.163878,-1.81331,-0.0650297,-1.57,2.19634e-101
2.21544e-101,-0.163769,-1.81223,-0.0639516,-1.57,2.21544e-101
2.23454e-101,-0.16366,-1.81114,-0.0628626,-1.57,2.23454e-101
2.25363e-101,-0.163551,-1.81004,-0.0617626,-1.57,2.25363e-101
2.27273e-101,-0.163441,-1.80893,-0.0606518,-1.57,2.27273e-101
2.29183e-101,-0.163332,-1.80781,-0.0595301,-1.57,2.29183e-101
2.31093e-101,-0.163223,-1.80668,-0.0583974,-1.57,2.31093e-101
2.33003e-101,-0.163114,-1.80554,-0.0572539,-1.57,2.33003e-101
2.34913e-101,-0.163004,-1.80438,-0.0560994,-1.57,2.34913e-101
2.36823e-101,-0.162895,-1.80322,-0.054934,-1.57,2.36823e-101
2.38732e-101,-0.162786,-1.80204,-0.0537578,-1.57,2.38732e-101
2.40642e-101,-0.162677,-1.80085,-0.0525706,-1.57,2.40642e-101
2.42552e-101,-0.162567,-1.79965,-0.0513725,-1.57,2.42552e-101
2.44462e-101,-0.162458,-1.79845,-0.0501635,-1.57,2.44462e-101
2.46372e-101,-0.162349,-1.79723,-0.0489436,-1.57,2.46372e-101
2.48282e-101,-0.16224,-1.79599,-0.0477127,-1.57,2.48282e-101
2.50192e-101,-0.162131,-1.79475,-0.046471,-1.57,2.50192e-101
2.52101e-101,-0.162021,-1.7935,-0.0452184,-1.57,2.52101e-101
2.54011e-101,-0.161912,-1.79224,-0.0439548,-1.57,2.54011e-101
2.55921e-101,-0.161803,-1.79096,-0.0426804,-1.57,2.55921e-101
2.57831e-101,-0.161694,-1.78968,-0.041395,-1.57,2.57831e-101
2.59741e-101,-0.161584,-1.78838,-0.0400987,-1.57,2.59741e-101
2.61651e-101,-0.161475,-1.78707,-0.0387916,-1.57,2.61651e-101
2.63561e-101,-0.161366,-1.78576,-0.0374735,-1.57,2.63561e-101
2.6547e-101,-0.161257,-1.78443,-0.0361445,-1.57,2.6547e-101
2.6738e-101,-0.161147,-1.78309,-0.0348046,-1.57,2.6738e-101
2.6929e-101,-0.161038,-1.78174,-0.0334538,-1.57,2.6929e-101
2.712e-101,-0.160929,-1.78037,-0.032092,-1.57,2.712e-101
2.7311e-101,-0.16082,-1.779,-0.0307194,-1.57,2.7311e-101
2.7502e-101,-0.16071,-1.77762,-0.0293359,-1.57,2.7502e-101
2.7693e-101,-0.160601,-1.77622,-0.0279414,-1.57,2.7693e-101
2.78839e-101,-0.160492,-1.77482,-0.0265361,-1.57,2.78839e-101
2.80749e-101,-0.160383,-1.7734,-0.0251198,-1.57,2.80749e-101
2.82659e-101,-0.160274,-1.77197,-0.0236926,-1.57,2.82659e-101
2.84569e-101,-0.160164,-1.77054,-0.0222546,-1.57,2.84569e-101
2.86479e-101,-0.160055,-1.76909,-0.0208056,-1.57,2.86479e-101
2.88389e-101,-0.159946,-1.76763,-0.0193457,-1.57,2.88389e-101
2.90299e-101,-0.159837,-1.76616,-0.0178749,-1.57,2.90299e-101
2.92208e-101,-0.159727,-1.76468,-0.0163932,-1.57,2.92208e-101
2.94118e-101,-0.159618,-1.76318,-0.0149009,-1.57,2.94118e-101
2.96028e-101,-0.159509,-1.76168,-0.0133983,-1.57,2.96028e-101
2.97938e-101,-0.1594,-1.76016,-0.0118857,-1.57,2.97938e-101
2.99848e-101,-0.15929,-1.75864,-0.0103635,-1.57,2.99848e-101
3.01758e-101,-0.159181,-1.7571,-0.008832,-1.57,3.01758e-101
3.03668e-101,-0.159072,-1.75556,-0.00729149,-1.57,3.03668e-101
3.05577e-101,-0.158963,-1.754,-0.00574231,-1.57,3.05577e-101
3.07487e-101,-0.158854,-1.75243,-0.00418481,-1.57,3.07487e-101
3.09397e-101,-0.158744,-1.75085,-0.00261929,-1.57,3.09397e-101
3.11307e-101,-0.158635,-1.74926,-0.00104609,-1.57,3.11307e-101
3.13217e-101,-0.158526,-1.74766,0.000534452,-1.57,3.13217e-101
3.15127e-101,-0.158417,-1.74604,0.00212202,-1.57,3.15127e-101
3.17037e-101,-0.158307,-1.74442,0.00371629,-1.57,3.17037e-101
3.18947e-101,-0.158198,-1.74279,0.00531693,-1.57,3.18947e-101
3.20856e-101,-0.158089,-1.74114,0.00692362,-1.57,3.20856e-101
3.22766e-101,-0.15798,-1.73948,0.00853601,-1.57,3.22766e-101
3.24676e-101,-0.15787,-1.73782,0.0101538,-1.57,3.24676e-101
3.26586e-101,-0.157761,-1.73614,0.0117766,-1.57,3.26586e-101
3.28496e-101,-0.157652,-1.73445,0.0134042,-1.57,3.28496e-101
3.30406e-101,-0.157543,-1.73275,0.0150362,-1.57,3.30406e-101
3.32316e-101,-0.157433,-1.73104,0.0166723,-1.57,3.32316e-101
3.34225e-101,-0.157324,-1.72932,0.0183121,-1.57,3.34225e-101
3.36135e-101,-0.157215,-1.72759,0.0199554,-1.57,3.36135e-101
3.38045e-101,-0.157106,-1.72584,0.0216017,-1.57,3.38045e-101
3.39955e-101,-0.156997,-1.72409,0.0232508,-1.57,3.39955e-101
3.41865e-101,-0.156887,-1.72232,0.0249024,-1.57,3.41865e-101
3.43775e-101,-0.156778,-1.72055,0.026556,-1.57,3.43775e-101
3.45685e-101,-0.156669,-1.71876,0.0282115,-1.57,3.45685e-101
3.47594e-101,-0.15656,-1.71696,0.0298684,-1.57,3.47594e-101
3.49504e-101,-0.15645,-1.71515,0.0315265,-1.57,3.49504e-101
3.51414e-101,-0.156341,-1.71333,0.0331854,-1.57,3.51414e-101
3.53324e-101,-0.156232,-1.7115,0.0348447,-1.57,3.53324e-101
3.55234e-101,-0.156123,-1.70966,0.0365042,-1.57,3.55234e-101
3.57144e-101,-0.156013,-1.70781,0.0381637,-1.57,3.57144e-101
3.59054e-101,-0.155904,-1.70594,0.0398232,-1.57,3.59054e-101
3.60963e-101,-0.155795,-1.70407,0.0414827,-1.57,3.60963e-101
3.62873e-101,-0.155686,-1.70218,0.0431423,-1.57,3.62873e-101
3.64783e-101,-0.155577,-1.70029,0.0448018,-1.57,3.64783e-101
3.66693e-101,-0.155467,-1.69838,0.0464613,-1.57,3.66693e-101
3.68603e-101,-0.155358,-1.69646,0.0481208,-1.57,3.68603e-101
3.70513e-101,-0.155249,-1.69453,0.0497803,-1.57,3.70513e-101
3.72423e-101,-0.15514,-1.69259,0.0514398,-1.57,3.72423e-101
3.74332e-101,-0.15503,-1.69064,0.0530993,-1.57,3.74332e-101
3.76242e-101,-0.154921,-1.68868,0.0547588,-1.57,3.76242e-101
3.78152e-101,-0.154812,-1.68671,0.0564183,-1.57,3.78152e-101
3.80062e-101,-0.154703,-1.68472,0.0580779,-1.57,3.80062e-101
3.81972e-101,-0.154593,-1.68273,0.0597374,-1.57,3.81972e-101
3.83882e-101,-0.154484,-1.68073,0.0613969,-1.57,3.83882e-101
3.85792e-101,-0.154375,-1.67871,0.0630564,-1.57,3.85792e-101
3.87701e-101,-0.154266,-1.67668,0.0647159,-1.57,3.87701e-101
3.89611e-101,-0.154156,-1.67465,0.0663754,-1.57,3.89611e-101
3.91521e-101,-0.154047,-1.6726,0.0680349,-1.57,3.91521e-101
3.93431e-101,-0.153938,-1.67055,0.0696944,-1.57,3.93431e-101
3.95341e-101,-0.153829,-1.66848,0.0713539,-1.57,3.95341e-101
3.97251e-101,-0.15372,-1.66641,0.0730135,-1.57,3.97251e-101
3.99161e-101,-0.15361,-1.66433,0.074673,-1.57,3.99161e-101
4.0107e-101,-0.153501,-1.66224,0.0763325,-1.57,4.0107e-101
4.0298e-101,-0.153392,-1.66014,0.077992,-1.57,4.0298e-101
4.0489e-101,-0.153283,-1.65804,0.0796515,-1.57,4.0489e-101
4.068e-101,-0.153173,-1.65593,0.081311,-1.57,4.068e-101
4.0871e-101,-0.153064,-1.65381,0.0829705,-1.57,4.0871e-101
4.1062e-101,-0.152955,-1.65169,0.08463,-1.57,4.1062e-101
4.1253e-101,-0.152846,-1.64956,0.0862895,-1.57,4.1253e-101
4.14439e-101,-0.152736,-1.64742,0.0879491,-1.57,4.14439e-101
4.16349e-101,-0.152627,-1.64528,0.0896086,-1.57,4.16349e-101
4.18259e-101,-0.152518,-1.64314,0.0912681,-1.57,4.18259e-101
4.20169e-101,-0.152409,-1.64099,0.0929276,-1.57,4.20169e-101
4.22079e-101,-0.152299,-1.63883,0.0945871,-1.57,4.22079e-101
4.23989e-101,-0.15219,-1.63667,0.0962466,-1.57,4.23989e-101
4.25899e-101,-0.152081,-1.63451,0.0979061,-1.57,4.25899e-101
4.27808e-101,-0.151972,-1.63235,0.0995656,-1.57,4.27808e-101
4.29718e-101,-0.151863,-1.63018,0.101225,-1.57,4.29718e-101
4.31628e-101,-0.151753,-1.62801,0.102885,-1.57,4.31628e-101
4.33538e-101,-0.151644,-1.62583,0.104544,-1.57,4.33538e-101
4.35448e-101,-0.151535,-1.62366,0.106204,-1.57,4.35448e-101
4.37358e-101,-0.151426,-1.62148,0.107863,-1.57,4.37358e-101
4.39268e-101,-0.151316,-1.6193,0.109523,-1.57,4.39268e-101
4.41178e-101,-0.151207,-1.61712,0.111182,-1.57,4.41178e-101
4.43087e-101,-0.151098,-1.61494,0.112842,-1.57,4.43087e-101
4.44997e-101,-0.150989,-1.61276,0.114501,-1.57,4.44997e-101
4.46907e-101,-0.150879,-1.61057,0.116161,-1.57,4.46907e-101
4.48817e-101,-0.15077,-1.60839,0.11782,-1.57,4.48817e-101
4.50727e-101,-0.150661,-1.60621,0.11948,-1.57,4.50727e-101
4.52637e-101,-0.150552,-1.60403,0.121139,-1.57,4.52637e-101
4.54547e-101,-0.150443,-1.60185,0.122799,-1.57,4.54547e-101
4.56456e-101,-0.150333,-1.59967,0.124458,-1.57,4.56456e-101
4.58366e-101,-0.150224,-1.59748,0.126118,-1.57,4.58366e-101
4.60276e-101,-0.150115,-1.5953,0.127777,-1.57,4.60276e-101
4.62186e-101,-0.150006,-1.59312,0.129437,-1.57,4.62186e-101
4.64096e-101,-0.149896,-1.59094,0.131096,-1.57,4.64096e-101
4.66006e-101,-0.149787,-1.58876,0.132756,-1.57,4.66006e-101
4.67916e-101,-0.149678,-1.58658,0.134415,-1.57,4.67916e-101
4.69825e-101,-0.149569,-1.58439,0.136075,-1.57,4.69825e-101
4.71735e-101,-0.149459,-1.58221,0.137734,-1.57,4.71735e-101
4.73645e-101,-0.14935,-1.58003,0.139394,-1.57,4.73645e-101
4.75555e-101,-0.149241,-1.57785,0.141053,-1.57,4.75555e-101
4.77465e-101,-0.149132,-1.57567,0.142713,-1.57,4.77465e-101
4.79375e-101,-0.149022,-1.57349,0.144372,-1.57,4.79375e-101
4.81285e-101,-0.148913,-1.5713,0.146032,-1.57,4.81285e-101
4.83194e-101,-0.148804,-1.56912,0.147691,-1.57,4.83194e-101
4.85104e-101,-0.148695,-1.56694,0.149351,-1.57,4.85104e-101
4.87014e-101,-0.148586,-1.56476,0.15101,-1.57,4.87014e-101
4.88924e-101,-0.148476,-1.56259,0.15267,-1.57,4.88924e-101
4.90834e-101,-0.148367,-1.56041,0.15433,-1.57,4.90834e-101
4.92744e-101,-0.148258,-1.55824,0.155989,-1.57,4.92744e-101
4.94654e-101,-0.148149,-1.55607,0.157649,-1.57,4.94654e-101
4.96563e-101,-0.148039,-1.5539,0.159308,-1.57,4.96563e-101
4.98473e-101,-0.14793,-1.55173,0.160968,-1.57,4.98473e-101
5.00383e-101,-0.147821,-1.54957,0.162627,-1.57,5.00383e-101
5.02293e-101,-0.147712,-1.54742,0.164287,-1.57,5.02293e-101
5.04203e-101,-0.147602,-1.54526,0.165946,-1.57,5.04203e-101
5.06113e-101,-0.147493,-1.54311,0.167606,-1.57,5.06113e-101
5.08023e-101,-0.147384,-1.54097,0.169265,-1.57,5.08023e-101
5.09932e-101,-0.147275,-1.53883,0.170925,-1.57,5.09932e-101
5.11842e-101,-0.147166,-1.5367,0.172584,-1.57,5.11842e-101
5.13752e-101,-0.147056,-1.53457,0.174244,-1.57,5.13752e-101
5.15662e-101,-0.146947,-1.53245,0.175903,-1.57,5.15662e-101
5.17572e-101,-0.146838,-1.53033,0.177563,-1.57,5.17572e-101
5.19482e-101,-0.146729,-1.52822,0.179222,-1.57,5.19482e-101
5.21392e-101,-0.146619,-1.52612,0.180882,-1.57,5.21392e-101
5.23301e-101,-0.14651,-1.52403,0.182541,-1.57,5.23301e-101
5.25211e-101,-0.146401,-1.52194,0.184201,-1.57,5.25211e-101
5.27121e-101,-0.146292,-1.51986,0.18586,-1.57,5.27121e-101
5.29031e-101,-0.146182,-1.51779,0.18752,-1.57,5.29031e-101
5.30941e-101,-0.146073,-1.51573,0.189179,-1.57,5.30941e-101
5.32851e-101,-0.145964,-1.51368,0.190839,-1.57,5.32851e-101
5.34761e-101,-0.145855,-1.51164,0.192498,-1.57,5.34761e-101
5.3667e-101,-0.145745,-1.50961,0.194158,-1.57,5.3667e-101
5.3858e-101,-0.145636,-1.50758,0.195817,-1.57,5.3858e-101
5.4049e-101,-0.145527,-1.50557,0.197477,-1.57,5.4049e-101
5.424e-101,-0.145418,-1.50357,0.199136,-1.57,5.424e-101
5.4431e-101,-0.145309,-1.50158,0.200796,-1.57,5.4431e-101
5.4622e-101,-0.145199,-1.4996,0.202455,-1.57,5.4622e-101
5.4813e-101,-0.14509,-1.49763,0.204115,-1.57,5.4813e-101
5.50039e-101,-0.144981,-1.49567,0.205774,-1.57,5.50039e-101
5.51949e-101,-0.144872,-1.49372,0.207434,-1.57,5.51949e-101
5.53859e-101,-0.144762,-1.49179,0.209093,-1.57,5.53859e-101
5.55769e-101,-0.144653,-1.48986,0.210753,-1.57,5.55769e-101
5.57679e-101,-0.144544,-1.48795,0.212412,-1.57,5.57679e-101
5.59589e-101,-0.144435,-1.48604,0.214072,-1.57,5.59589e-101
5.61499e-101,-0.144325,-1.48415,0.215731,-1.57,5.61499e-101
5.63408e-101,-0.144216,-1.48227,0.217391,-1.57,5.63408e-101
5.65318e-101,-0.144107,-1.4804,0.21905,-1.57,5.65318e-101
5.67228e-101,-0.143998,-1.47854,0.22071,-1.57,5.67228e-101
5.69138e-101,-0.143889,-1.47669,0.222369,-1.57,5.69138e-101
5.71048e-101,-0.143779,-1.47485,0.224029,-1.57,5.71048e-101
5.72958e-101,-0.14367,-1.47302,0.225688,-1.57,5.72958e-101
5.74868e-101,-0.143561,-1.47121,0.227347,-1.57,5.74868e-101
5.76778e-101,-0.143452,-1.4694,0.229005,-1.57,5.76778e-101
5.78687e-101,-0.143342,-1.46761,0.230661,-1.57,5.78687e-101
5.80597e-101,-0.143233,-1.46582,0.232316,-1.57,5.80597e-101
5.82507e-101,-0.143124,-1.46405,0.233969,-1.57,5.82507e-101
5.84417e-101,-0.143015,-1.46229,0.23562,-1.57,5.84417e-101
5.86327e-101,-0.142905,-1.46054,0.237268,-1.57,5.86327e-101
5.88237e-101,-0.142796,-1.4588,0.238914,-1.57,5.88237e-101
5.90147e-101,-0.142687,-1.45707,0.240556,-1.57,5.90147e-101
5.92056e-101,-0.142578,-1.45535,0.242194,-1.57,5.92056e-101
5.93966e-101,-0.142468,-1.45364,0.243829,-1.57,5.93966e-101
5.95876e-101,-0.142359,-1.45194,0.24546,-1.57,5.95876e-101
5.97786e-101,-0.14225,-1.45026,0.247086,-1.57,5.97786e-101
5.99696e-101,-0.142141,-1.44858,0.248707,-1.57,5.99696e-101
6.01606e-101,-0.142032,-1.44692,0.250323,-1.57,6.01606e-101
6.03516e-101,-0.141922,-1.44527,0.251934,-1.57,6.03516e-101
6.05425e-101,-0.141813,-1.44363,0.253539,-1.57,6.05425e-101
6.07335e-101,-0.141704,-1.44199,0.255138,-1.57,6.07335e-101
6.09245e-101,-0.141595,-1.44037,0.25673,-1.57,6.09245e-101
6.11155e-101,-0.141485,-1.43877,0.258315,-1.57,6.11155e-101
6.13065e-101,-0.141376,-1.43717,0.259894,-1.57,6.13065e-101
6.14975e-101,-0.141267,-1.43558,0.261464,-1.57,6.14975e-101
6.16885e-101,-0.141158,-1.434,0.263027,-1.57,6.16885e-101
6.18794e-101,-0.141048,-1.43244,0.264582,-1.57,6.18794e-101
6.20704e-101,-0.140939,-1.43088,0.266129,-1.57,6.20704e-101
6.22614e-101,-0.14083,-1.42934,0.267667,-1.57,6.22614e-101
6.24524e-101,-0.140721,-1.42781,0.269195,-1.57,6.24524e-101
6.26434e-101,-0.140611,-1.42628,0.270714,-1.57,6.26434e-101
6.28344e-101,-0.140502,-1.42477,0.272224,-1.57,6.28344e-101
6.30254e-101,-0.140393,-1.42327,0.273723,-1.57,6.30254e-101
6.32163e-101,-0.140284,-1.42178,0.275212,-1.57,6.32163e-101
6.34073e-101,-0.140175,-1.42031,0.276691,-1.57,6.34073e-101
6.35983e-101,-0.140065,-1.41884,0.278158,-1.57,6.35983e-101
6.37893e-101,-0.139956,-1.41738,0.279614,-1.57,6.37893e-101
6.39803e-101,-0.139847,-1.41594,0.28106,-1.57,6.39803e-101
6.41713e-101,-0.139738,-1.4145,0.282495,-1.57,6.41713e-101
6.43623e-101,-0.139628,-1.41308,0.283918,-1.57,6.43623e-101
6.45532e-101,-0.139519,-1.41167,0.285331,-1.57,6.45532e-101
6.47442e-101,-0.13941,-1.41026,0.286733,-1.57,6.47442e-101
6.49352e-101,-0.139301,-1.40887,0.288124,-1.57,6.49352e-101
6.51262e-101,-0.139191,-1.40749,0.289504,-1.57,6.51262e-101
6.53172e-101,-0.139082,-1.40612,0.290873,-1.57,6.53172e-101
6.55082e-101,-0.138973,-1.40476,0.292232,-1.57,6.55082e-101
6.56992e-101,-0.138864,-1.40342,0.293579,-1.57,6.56992e-101
6.58901e-101,-0.138755,-1.40208,0.294916,-1.57,6.58901e-101
6.60811e-101,-0.138645,-1.40076,0.296241,-1.57,6.60811e-101
6.62721e-101,-0.138536,-1.39944,0.297556,-1.57,6.62721e-101
6.64631e-101,-0.138427,-1.39814,0.29886,-1.57,6.64631e-101
6.66541e-101,-0.138318,-1.39684,0.300153,-1.57,6.66541e-101
6.68451e-101,-0.138208,-1.39556,0.301434,-1.57,6.68451e-101
6.70361e-101,-0.138099,-1.39429,0.302705,-1.57,6.70361e-101
6.7227e-101,-0.13799,-1.39303,0.303966,-1.57,6.7227e-101
6.7418e-101,-0.137881,-1.39178,0.305215,-1.57,6.7418e-101
6.7609e-101,-0.137771,-1.39054,0.306453,-1.57,6.7609e-101
6.78e-101,-0.137662,-1.38932,0.307681,-1.57,6.78e-101
6.7991e-101,-0.137553,-1.3881,0.308897,-1.57,6.7991e-101
6.8182e-101,-0.137444,-1.38689,0.310103,-1.57,6.8182e-101
6.8373e-101,-0.137334,-1.3857,0.311297,-1.57,6.8373e-101
6.85639e-101,-0.137225,-1.38452,0.312481,-1.57,6.85639e-101
6.87549e-101,-0.137116,-1.38334,0.313654,-1.57,6.87549e-101
6.89459e-101,-0.137007,-1.38218,0.314816,-1.57,6.89459e-101
6.91369e-101,-0.136898,-1.38103,0.315967,-1.57,6.91369e-101
6.93279e-101,-0.136788,-1.37989,0.317107,-1.57,6.93279e-101
6.95189e-101,-0.136679,-1.37876,0.318236,-1.57,6.95189e-101
6.97099e-101,-0.13657,-1.37764,0.319355,-1.57,6.97099e-101
6.99009e-101,-0.136461,-1.37653,0.320462,-1.57,6.99009e-101
7.00918e-101,-0.136351,-1.37544,0.321558,-1.57,7.00918e-101
7.02828e-101,-0.136242,-1.37435,0.322644,-1.57,7.02828e-101
7.04738e-101,-0.136133,-1.37328,0.323719,-1.57,7.04738e-101
7.06648e-101,-0.136024,-1.37221,0.324783,-1.57,7.06648e-101
7.08558e-101,-0.135914,-1.37116,0.325835,-1.57,7.08558e-101
7.10468e-101,-0.135805,-1.37012,0.326877,-1.57,7.10468e-101
7.12378e-101,-0.135696,-1.36909,0.327908,-1.57,7.12378e-101
7.14287e-101,-0.135587,-1.36807,0.328929,-1.57,7.14287e-101
7.16197e-101,-0.135478,-1.36706,0.329938,-1.57,7.16197e-101
7.18107e-101,-0.135368,-1.36606,0.330936,-1.57,7.18107e-101
7.20017e-101,-0.135259,-1.36507,0.331924,-1.57,7.20017e-101
7.21927e-101,-0.13515,-1.3641,0.3329,-1.57,7.21927e-101
7.23837e-101,-0.135041,-1.36313,0.333866,-1.57,7.23837e-101
7.25747e-101,-0.134931,-1.36218,0.33482,-1.57,7.25747e-101
7.27656e-101,-0.134822,-1.36123,0.335764,-1.57,7.27656e-101
7.29566e-101,-0.134713,-1.3603,0.336697,-1.57,7.29566e-101
7.31476e-101,-0.134604,-1.35938,0.337619,-1.57,7.31476e-101
7.33386e-101,-0.134494,-1.35847,0.33853,-1.57,7.33386e-101
7.35296e-101,-0.134385,-1.35757,0.33943,-1.57,7.35296e-101
7.37206e-101,-0.134276,-1.35668,0.340319,-1.57,7.37206e-101
7.39116e-101,-0.134167,-1.3558,0.341198,-1.57,7.39116e-101
7.41025e-101,-0.134057,-1.35493,0.342065,-1.57,7.41025e-101
7.42935e-101,-0.133948,-1.35407,0.342922,-1.57,7.42935e-101
7.44845e-101,-0.133839,-1.35323,0.343767,-1.57,7.44845e-101
7.46755e-101,-0.13373,-1.35239,0.344602,-1.57,7.46755e-101
7.48665e-101,-0.133621,-1.35157,0.345426,-1.57,7.48665e-101
7.50575e-101,-0.133511,-1.35076,0.346239,-1.57,7.50575e-101
7.52485e-101,-0.133402,-1.34996,0.347041,-1.57,7.52485e-101
7.54394e-101,-0.133293,-1.34916,0.347832,-1.57,7.54394e-101
7.56304e-101,-0.133184,-1.34838,0.348612,-1.57,7.56304e-101
7.58214e-101,-0.133074,-1.34762,0.349381,-1.57,7.58214e-101
7.60124e-101,-0.132965,-1.34686,0.350139,-1.57,7.60124e-101
7.62034e-101,-0.132856,-1.34611,0.350887,-1.57,7.62034e-101
7.63944e-101,-0.132747,-1.34537,0.351623,-1.57,7.63944e-101
7.65854e-101,-0.132637,-1.34465,0.352349,-1.57,7.65854e-101
7.67763e-101,-0.132528,-1.34393,0.353064,-1.57,7.67763e-101
7.69673e-101,-0.132419,-1.34323,0.353768,-1.57,7.69673e-101
7.71583e-101,-0.13231,-1.34254,0.35446,-1.57,7.71583e-101
7.73493e-101,-0.1322,-1.34185,0.355142,-1.57,7.73493e-101
7.75403e-101,-0.132091,-1.34118,0.355813,-1.57,7.75403e-101
7.77313e-101,-0.131982,-1.34052,0.356474,-1.57,7.77313e-101
7.79223e-101,-0.131873,-1.33987,0.357123,-1.57,7.79223e-101
7.81132e-101,-0.131764,-1.33924,0.357761,-1.57,7.81132e-101
7.83042e-101,-0.131654,-1.33861,0.358389,-1.57,7.83042e-101
7.84952e-101,-0.131545,-1.33799,0.359005,-1.57,7.84952e-101
7.86862e-101,-0.131436,-1.33739,0.359611,-1.57,7.86862e-101
7.88772e-101,-0.131327,-1.33679,0.360206,-1.57,7.88772e-101
7.90682e-101,-0.131217,-1.33621,0.360789,-1.57,7.90682e-101
7.92592e-101,-0.131108,-1.33563,0.361362,-1.57,7.92592e-101
7.94501e-101,-0.130999,-1.33507,0.361924,-1.57,7.94501e-101
7.96411e-101,-0.13089,-1.33452,0.362475,-1.57,7.96411e-101
7.98321e-101,-0.13078,-1.33398,0.363016,-1.57,7.98321e-101
8.00231e-101,-0.130671,-1.33345,0.363545,-1.57,8.00231e-101
8.02141e-101,-0.130562,-1.33293,0.364063,-1.57,8.02141e-101
8.04051e-101,-0.130453,-1.33243,0.364571,-1.57,8.04051e-101
8.05961e-101,-0.130344,-1.33193,0.365067,-1.57,8.05961e-101
8.0787e-101,-0.130234,-1.33144,0.365553,-1.57,8.0787e-101
8.0978e-101,-0.130125,-1.33097,0.366028,-1.57,8.0978e-101
8.1169e-101,-0.130016,-1.33051,0.366491,-1.57,8.1169e-101
8.136e-101,-0.129907,-1.33005,0.366944,-1.57,8.136e-101
8.1551e-101,-0.129797,-1.32961,0.367386,-1.57,8.1551e-101
8.1742e-101,-0.129688,-1.32918,0.367817,-1.57,8.1742e-101
8.1933e-101,-0.129579,-1.32876,0.368238,-1.57,8.1933e-101
8.2124e-101,-0.12947,-1.32835,0.368647,-1.57,8.2124e-101
8.23149e-101,-0.12936,-1.32795,0.369045,-1.57,8.23149e-101
8.25059e-101,-0.129251,-1.32756,0.369433,-1.57,8.25059e-101
8.26969e-101,-0.129142,-1.32719,0.369809,-1.57,8.26969e-101
8.28879e-101,-0.129033,-1.32682,0.370175,-1.57,8.28879e-101
8.30789e-101,-0.128923,-1.32647,0.37053,-1.57,8.30789e-101
8.32699e-101,-0.128814,-1.32612,0.370873,-1.57,8.32699e-101
8.34609e-101,-0.128705,-1.32579,0.371206,-1.57,8.34609e-101
8.36518e-101,-0.128596,-1.32547,0.371528,-1.57,8.36518e-101
8.38428e-101,-0.128487,-1.32516,0.371839,-1.57,8.38428e-101
8.40338e-101,-0.128377,-1.32486,0.37214,-1.57,8.40338e-101
8.42248e-101,-0.128268,-1.32457,0.372429,-1.57,8.42248e-101
8.44158e-101,-0.128159,-1.32429,0.372707,-1.57,8.44158e-101
8.46068e-101,-0.12805,-1.32402,0.372975,-1.57,8.46068e-101
8.47978e-101,-0.12794,-1.32377,0.373231,-1.57,8.47978e-101
8.49887e-101,-0.127831,-1.32352,0.373477,-1.57,8.49887e-101
8.51797e-101,-0.127722,-1.32328,0.373712,-1.57,8.51797e-101
8.53707e-101,-0.127613,-1.32306,0.373936,-1.57,8.53707e-101
8.55617e-101,-0.127503,-1.32285,0.374148,-1.57,8.55617e-101
8.57527e-101,-0.127395,-1.32265,0.37435,-1.57,8.57527e-101
8.59437e-101,-0.127286,-1.32245,0.374542,-1.57,8.59437e-101
8.61347e-101,-0.127179,-1.32227,0.374722,-1.57,8.61347e-101
8.63256e-101,-0.127073,-1.32211,0.374891,-1.57,8.63256e-101
8.65166e-101,-0.126968,-1.32195,0.37505,-1.57,8.65166e-101
8.67076e-101,-0.126866,-1.3218,0.3752,-1.57,8.67076e-101
8.68986e-101,-0.126765,-1.32166,0.375339,-1.57,8.68986e-101
8.70896e-101,-0.126667,-1.32153,0.375469,-1.57,8.70896e-101
8.72806e-101,-0.126573,-1.32141,0.37559,-1.57,8.72806e-101
8.74716e-101,-0.126481,-1.32129,0.375702,-1.57,8.74716e-101
8.76625e-101,-0.126393,-1.32119,0.375806,-1.57,8.76625e-101
8.78535e-101,-0.126308,-1.32109,0.375902,-1.57,8.78535e-101
8.80445e-101,-0.126228,-1.32101,0.37599,-1.57,8.80445e-101
8.82355e-101,-0.126153,-1.32093,0.37607,-1.57,8.82355e-101
8.84265e-101,-0.126082,-1.32085,0.376144,-1.57,8.84265e-101
8.86175e-101,-0.126017,-1.32079,0.37621,-1.57,8.86175e-101
8.88085e-101,-0.125957,-1.32073,0.376271,-1.57,8.88085e-101
8.89994e-101,-0.125903,-1.32067,0.376325,-1.57,8.89994e-101
8.91904e-101,-0.125854,-1.32062,0.376373,-1.57,8.91904e-101
8.93814e-101,-0.125812,-1.32058,0.376416,-1.57,8.93814e-101
8.95724e-101,-0.125774,-1.32054,0.376454,-1.57,8.95724e-101
8.97634e-101,-0.125741,-1.32051,0.376487,-1.57,8.97634e-101
8.99544e-101,-0.125712,-1.32048,0.376515,-1.57,8.99544e-101
9.01454e-101,-0.125688,-1.32046,0.376539,-1.57,9.01454e-101
9.03363e-101,-0.125668,-1.32044,0.37656,-1.57,9.03363e-101
9.05273e-101,-0.125651,-1.32042,0.376577,-1.57,9.05273e-101
9.07183e-101,-0.125637,-1.32041,0.376591,-1.57,9.07183e-101
9.09093e-101,-0.125626,-1.32039,0.376602,-1.57,9.09093e-101
9.11003e-101,-0.125617,-1.32039,0.37661,-1.57,9.11003e-101
9.12913e-101,-0.125611,-1.32038,0.376616,-1.57,9.12913e-101
9.14823e-101,-0.125607,-1.32038,0.376621,-1.57,9.14823e-101
9.16732e-101,-0.125604,-1.32037,0.376624,-1.57,9.16732e-101 
9.18642e-101,-0.125602,-1.32037,0.376625,-1.57,9.18642e-101
9.20552e-101,-0.125601,-1.32037,0.376626,-1.57,9.20552e-101
9.22462e-101,-0.125601,-1.32037,0.376626,-1.57,9.22462e-101
0,-0.1256,-1.32037,0.376626,-1.57,0
